key = 0000000000000000
gg = -12,-2,145,4,91,8,216,128,-62,-153,-37,-33,-10,84,155,73

key = 1000000000000000
gg = -25,-2,145,4,62,8,216,128,22,-153,-37,-33,-135,84,155,73

key = 2000000000000000
gg = -38,-2,145,4,33,8,216,128,106,-153,-37,-33,-3,84,155,73

key = 3000000000000000
gg = -51,-2,145,4,4,8,216,128,-67,-153,-37,-33,-128,84,155,73


key = 0100000000000000
gg = -12,-15,145,4,91,-21,216,128,-62,-69,-37,-33,-10,-41,155,73

key = 0200000000000000
gg = -12,-28,145,4,91,-50,216,128,-62,15,-37,-33,-10,91,155,73


key = 0010000000000000
gg = -12,-2,132,4,91,8,187,128,-62,-153,47,-33,-10,84,30,73

key = 0020000000000000
gg = -12,-2,119,4,91,8,158,128,-62,-153,131,-33,-10,84,162,73

key = 0030000000000000
gg = -12,-2,106,4,91,8,129,128,-62,-153,-42,-33,-10,84,37,73

key = 0040000000000000
gg = -12,-2,93,4,91,8,100,128,-62,-153,42,-33,-10,84,169,73



key = 0001000000000000
gg = -12,-2,145,-9,91,8,216,99,-62,-153,-37,51,-10,84,155,-52

key = 0002000000000000
gg = -12,-2,145,-22,91,8,216,70,-62,-153,-37,135,-10,84,155,80

key = 0003000000000000
gg = -12,-2,145,-35,91,8,216,41,-62,-153,-37,-38,-10,84,155,-45





